salary
$85K - $125K (Employer est.)
$20.00 - $30.00 Per Hour (Employer est.)
""
$65K (Employer est.)
$41K - $59K (Glassdoor est.)
$20.00 Per Hour (Employer est.)
$50K (Employer est.)
$40K - $60K (Employer est.)
$55K - $75K (Employer est.)
$28.00 Per Hour (Employer est.)
""
$33K - $39K (Employer est.)
$57K - $60K (Employer est.)
$20.00 Per Hour (Employer est.)
$50K - $85K (Employer est.)
$54K (Employer est.)
$46K - $70K (Employer est.)
$50K (Employer est.)
$56K - $59K (Employer est.)
$70K (Employer est.)
$50K (Employer est.)
$65K (Employer est.)
$56K (Employer est.)
$29K - $49K (Employer est.)
$20.00 Per Hour (Employer est.)
$15.00 Per Hour (Employer est.)
$22.40 - $25.00 Per Hour (Employer est.)
$34K - $40K (Employer est.)
$70K - $100K (Employer est.)
$40K - $45K (Employer est.)
""
